0.0000 0.0000 0.0000 0.0000 0.0000 0.0000 0.0000 0.0000 0.0000
0.0000 0.0000 10.9091 0.0000 0.0000 0.0000 0.0000 0.0000 0.0000
0.0000 0.0000 21.8182 0.0000 0.0000 0.0000 0.0000 0.0000 0.0000
0.0000 0.0000 32.7273 0.0000 0.0000 0.0000 0.0000 0.0000 0.0000
0.0000 0.0000 43.6364 0.0000 0.0000 0.0000 0.0000 0.0000 0.0000
0.0000 0.0000 54.5455 0.0000 0.0000 0.0000 0.0000 0.0000 0.0000
0.0000 0.0000 65.4545 0.0000 0.0000 0.0000 0.0000 0.0000 0.0000
0.0000 0.0000 76.3636 0.0000 0.0000 0.0000 0.0000 0.0000 0.0000
0.0000 0.0000 87.2727 0.0000 0.0000 0.0000 0.0000 0.0000 0.0000
0.0000 0.0000 98.1818 0.0000 0.0000 0.0000 0.0000 0.0000 0.0000
0.0000 0.0000 109.0909 0.0000 0.0000 0.0000 0.0000 0.0000 0.0000
0.0000 0.0000 120.0000 0.0000 0.0000 0.0000 0.0000 0.0000 0.0000
0.0000 0.0000 130.9091 0.0000 0.0000 0.0000 0.0000 0.0000 0.0000
0.0000 0.0000 141.8182 0.0000 0.0000 0.0000 0.0000 0.0000 0.0000
0.0000 0.0000 152.7273 0.0000 0.0000 0.0000 0.0000 0.0000 0.0000
0.0000 0.0000 163.6364 0.0000 0.0000 0.0000 0.0000 0.0000 0.0000
0.0000 0.0000 174.5455 0.0000 0.0000 0.0000 0.0000 0.0000 0.0000
0.0000 0.0000 185.4545 0.0000 0.0000 0.0000 0.0000 0.0000 0.0000
0.0000 0.0000 196.3636 0.0000 0.0000 0.0000 0.0000 0.0000 0.0000
0.0000 0.0000 207.2727 0.0000 0.0000 0.0000 0.0000 0.0000 0.0000
0.0000 0.0000 218.1818 0.0000 0.0000 0.0000 0.0000 0.0000 0.0000
0.0000 0.0000 229.0909 0.0000 0.0000 0.0000 0.0000 0.0000 0.0000
0.0000 0.0000 240.0000 0.0000 0.0000 0.0000 0.0000 0.0000 0.0000
0.0000 0.0000 250.9091 0.0000 0.0000 0.0000 0.0000 0.0000 0.0000
0.0000 0.0000 261.8182 0.0000 0.0000 0.0000 0.0000 0.0000 0.0000
0.0000 0.0000 272.7273 0.0000 0.0000 0.0000 0.0000 0.0000 0.0000
0.0000 0.0000 283.6364 0.0000 0.0000 0.0000 0.0000 0.0000 0.0000
0.0000 0.0000 294.5455 0.0000 0.0000 0.0000 0.0000 0.0000 0.0000
0.0000 0.0000 305.4545 0.0000 0.0000 0.0000 0.0000 0.0000 0.0000
0.0000 0.0000 316.3636 0.0000 0.0000 0.0000 0.0000 0.0000 0.0000
0.0000 0.0000 327.2727 0.0000 0.0000 0.0000 0.0000 0.0000 0.0000
0.0000 0.0000 338.1818 0.0000 0.0000 0.0000 0.0000 0.0000 0.0000
0.0000 0.0000 349.0909 0.0000 0.0000 0.0000 0.0000 0.0000 0.0000
0.0000 0.0000 360.0000 0.0000 0.0000 0.0000 0.0000 0.0000 0.0000
0.0000 0.0000 370.9091 0.0000 0.0000 0.0000 0.0000 0.0000 0.0000
0.0000 0.0000 381.8182 0.0000 0.0000 0.0000 0.0000 0.0000 0.0000
0.0000 0.0000 392.7273 0.0000 0.0000 0.0000 0.0000 0.0000 0.0000
0.0000 0.0000 403.6364 0.0000 0.0000 0.0000 0.0000 0.0000 0.0000
0.0000 0.0000 414.5455 0.0000 0.0000 0.0000 0.0000 0.0000 0.0000
0.0000 0.0000 425.4545 0.0000 0.0000 0.0000 0.0000 0.0000 0.0000
0.0000 0.0000 436.3636 0.0000 0.0000 0.0000 0.0000 0.0000 0.0000
0.0000 0.0000 447.2727 0.0000 0.0000 0.0000 0.0000 0.0000 0.0000
0.0000 0.0000 458.1818 0.0000 0.0000 0.0000 0.0000 0.0000 0.0000
0.0000 0.0000 469.0909 0.0000 0.0000 0.0000 0.0000 0.0000 0.0000
0.0000 0.0000 480.0000 0.0000 0.0000 0.0000 0.0000 0.0000 0.0000
0.0000 0.0000 490.9091 0.0000 0.0000 0.0000 0.0000 0.0000 0.0000
0.0000 0.0000 501.8182 0.0000 0.0000 0.0000 0.0000 0.0000 0.0000
0.0000 0.0000 512.7273 0.0000 0.0000 0.0000 0.0000 0.0000 0.0000
0.0000 0.0000 523.6364 0.0000 0.0000 0.0000 0.0000 0.0000 0.0000
0.0000 0.0000 534.5455 0.0000 0.0000 0.0000 0.0000 0.0000 0.0000
0.0000 0.0000 545.4545 0.0000 0.0000 0.0000 0.0000 0.0000 0.0000
0.0000 0.0000 556.3636 0.0000 0.0000 0.0000 0.0000 0.0000 0.0000
0.0000 0.0000 567.2727 0.0000 0.0000 0.0000 0.0000 0.0000 0.0000
0.0000 0.0000 578.1818 0.0000 0.0000 0.0000 0.0000 0.0000 0.0000
0.0000 0.0000 589.0909 0.0000 0.0000 0.0000 0.0000 0.0000 0.0000
0.0000 0.0000 600.0000 0.0000 0.0000 0.0000 0.0000 0.0000 0.0000
0.0000 0.0000 610.9091 0.0000 0.0000 0.0000 0.0000 0.0000 0.0000
0.0000 0.0000 621.8182 0.0000 0.0000 0.0000 0.0000 0.0000 0.0000
0.0000 0.0000 632.7273 0.0000 0.0000 0.0000 0.0000 0.0000 0.0000
0.0000 0.0000 643.6364 0.0000 0.0000 0.0000 0.0000 0.0000 0.0000
0.0000 0.0000 654.5455 0.0000 0.0000 0.0000 0.0000 0.0000 0.0000
0.0000 0.0000 665.4545 0.0000 0.0000 0.0000 0.0000 0.0000 0.0000
0.0000 0.0000 676.3636 0.0000 0.0000 0.0000 0.0000 0.0000 0.0000
0.0000 0.0000 687.2727 0.0000 0.0000 0.0000 0.0000 0.0000 0.0000
0.0000 0.0000 698.1818 0.0000 0.0000 0.0000 0.0000 0.0000 0.0000
0.0000 0.0000 709.0909 0.0000 0.0000 0.0000 0.0000 0.0000 0.0000
0.0000 0.0000 720.0000 0.0000 0.0000 0.0000 0.0000 0.0000 0.0000
0.0000 0.0000 730.9091 0.0000 0.0000 0.0000 0.0000 0.0000 0.0000
0.0000 0.0000 741.8182 0.0000 0.0000 0.0000 0.0000 0.0000 0.0000
0.0000 0.0000 752.7273 0.0000 0.0000 0.0000 0.0000 0.0000 0.0000
0.0000 0.0000 763.6364 0.0000 0.0000 0.0000 0.0000 0.0000 0.0000
0.0000 0.0000 774.5455 0.0000 0.0000 0.0000 0.0000 0.0000 0.0000
0.0000 0.0000 785.4545 0.0000 0.0000 0.0000 0.0000 0.0000 0.0000
0.0000 0.0000 796.3636 0.0000 0.0000 0.0000 0.0000 0.0000 0.0000
0.0000 0.0000 807.2727 0.0000 0.0000 0.0000 0.0000 0.0000 0.0000
0.0000 0.0000 818.1818 0.0000 0.0000 0.0000 0.0000 0.0000 0.0000
0.0000 0.0000 829.0909 0.0000 0.0000 0.0000 0.0000 0.0000 0.0000
0.0000 0.0000 840.0000 0.0000 0.0000 0.0000 0.0000 0.0000 0.0000
0.0000 0.0000 850.9091 0.0000 0.0000 0.0000 0.0000 0.0000 0.0000
0.0000 0.0000 861.8182 0.0000 0.0000 0.0000 0.0000 0.0000 0.0000
0.0000 0.0000 872.7273 0.0000 0.0000 0.0000 0.0000 0.0000 0.0000
0.0000 0.0000 883.6364 0.0000 0.0000 0.0000 0.0000 0.0000 0.0000
0.0000 0.0000 894.5455 0.0000 0.0000 0.0000 0.0000 0.0000 0.0000
0.0000 0.0000 905.4545 0.0000 0.0000 0.0000 0.0000 0.0000 0.0000
0.0000 0.0000 916.3636 0.0000 0.0000 0.0000 0.0000 0.0000 0.0000
0.0000 0.0000 927.2727 0.0000 0.0000 0.0000 0.0000 0.0000 0.0000
0.0000 0.0000 938.1818 0.0000 0.0000 0.0000 0.0000 0.0000 0.0000
0.0000 0.0000 949.0909 0.0000 0.0000 0.0000 0.0000 0.0000 0.0000
0.0000 0.0000 960.0000 0.0000 0.0000 0.0000 0.0000 0.0000 0.0000
0.0000 0.0000 970.9091 0.0000 0.0000 0.0000 0.0000 0.0000 0.0000
0.0000 0.0000 981.8182 0.0000 0.0000 0.0000 0.0000 0.0000 0.0000
0.0000 0.0000 992.7273 0.0000 0.0000 0.0000 0.0000 0.0000 0.0000
0.0000 0.0000 1003.6364 0.0000 0.0000 0.0000 0.0000 0.0000 0.0000
0.0000 0.0000 1014.5455 0.0000 0.0000 0.0000 0.0000 0.0000 0.0000
0.0000 0.0000 1025.4545 0.0000 0.0000 0.0000 0.0000 0.0000 0.0000
0.0000 0.0000 1036.3636 0.0000 0.0000 0.0000 0.0000 0.0000 0.0000
0.0000 0.0000 1047.2727 0.0000 0.0000 0.0000 0.0000 0.0000 0.0000
0.0000 0.0000 1058.1818 0.0000 0.0000 0.0000 0.0000 0.0000 0.0000
0.0000 0.0000 1069.0909 0.0000 0.0000 0.0000 0.0000 0.0000 0.0000
0.0000 0.0000 1080.0000 0.0000 0.0000 0.0000 0.0000 0.0000 0.0000
0.0000 0.0000 0.0000 0.0000 0.0000 0.0000 0.0000 0.0000 0.0000
0.0000 7.2727 0.0000 0.0000 0.0000 0.0000 0.0000 0.0000 0.0000
0.0000 14.5455 0.0000 0.0000 0.0000 0.0000 0.0000 0.0000 0.0000
0.0000 21.8182 0.0000 0.0000 0.0000 0.0000 0.0000 0.0000 0.0000
0.0000 29.0909 0.0000 0.0000 0.0000 0.0000 0.0000 0.0000 0.0000
0.0000 36.3636 0.0000 0.0000 0.0000 0.0000 0.0000 0.0000 0.0000
0.0000 43.6364 0.0000 0.0000 0.0000 0.0000 0.0000 0.0000 0.0000
0.0000 50.9091 0.0000 0.0000 0.0000 0.0000 0.0000 0.0000 0.0000
0.0000 58.1818 0.0000 0.0000 0.0000 0.0000 0.0000 0.0000 0.0000
0.0000 65.4545 0.0000 0.0000 0.0000 0.0000 0.0000 0.0000 0.0000
0.0000 72.7273 0.0000 0.0000 0.0000 0.0000 0.0000 0.0000 0.0000
0.0000 80.0000 0.0000 0.0000 0.0000 0.0000 0.0000 0.0000 0.0000
0.0000 87.2727 0.0000 0.0000 0.0000 0.0000 0.0000 0.0000 0.0000
0.0000 94.5455 0.0000 0.0000 0.0000 0.0000 0.0000 0.0000 0.0000
0.0000 101.8182 0.0000 0.0000 0.0000 0.0000 0.0000 0.0000 0.0000
0.0000 109.0909 0.0000 0.0000 0.0000 0.0000 0.0000 0.0000 0.0000
0.0000 116.3636 0.0000 0.0000 0.0000 0.0000 0.0000 0.0000 0.0000
0.0000 123.6364 0.0000 0.0000 0.0000 0.0000 0.0000 0.0000 0.0000
0.0000 130.9091 0.0000 0.0000 0.0000 0.0000 0.0000 0.0000 0.0000
0.0000 138.1818 0.0000 0.0000 0.0000 0.0000 0.0000 0.0000 0.0000
0.0000 145.4545 0.0000 0.0000 0.0000 0.0000 0.0000 0.0000 0.0000
0.0000 152.7273 0.0000 0.0000 0.0000 0.0000 0.0000 0.0000 0.0000
0.0000 160.0000 0.0000 0.0000 0.0000 0.0000 0.0000 0.0000 0.0000
0.0000 167.2727 0.0000 0.0000 0.0000 0.0000 0.0000 0.0000 0.0000
0.0000 174.5455 0.0000 0.0000 0.0000 0.0000 0.0000 0.0000 0.0000
0.0000 181.8182 0.0000 0.0000 0.0000 0.0000 0.0000 0.0000 0.0000
0.0000 189.0909 0.0000 0.0000 0.0000 0.0000 0.0000 0.0000 0.0000
0.0000 196.3636 0.0000 0.0000 0.0000 0.0000 0.0000 0.0000 0.0000
0.0000 203.6364 0.0000 0.0000 0.0000 0.0000 0.0000 0.0000 0.0000
0.0000 210.9091 0.0000 0.0000 0.0000 0.0000 0.0000 0.0000 0.0000
0.0000 218.1818 0.0000 0.0000 0.0000 0.0000 0.0000 0.0000 0.0000
0.0000 225.4545 0.0000 0.0000 0.0000 0.0000 0.0000 0.0000 0.0000
0.0000 232.7273 0.0000 0.0000 0.0000 0.0000 0.0000 0.0000 0.0000
0.0000 240.0000 0.0000 0.0000 0.0000 0.0000 0.0000 0.0000 0.0000
0.0000 247.2727 0.0000 0.0000 0.0000 0.0000 0.0000 0.0000 0.0000
0.0000 254.5455 0.0000 0.0000 0.0000 0.0000 0.0000 0.0000 0.0000
0.0000 261.8182 0.0000 0.0000 0.0000 0.0000 0.0000 0.0000 0.0000
0.0000 269.0909 0.0000 0.0000 0.0000 0.0000 0.0000 0.0000 0.0000
0.0000 276.3636 0.0000 0.0000 0.0000 0.0000 0.0000 0.0000 0.0000
0.0000 283.6364 0.0000 0.0000 0.0000 0.0000 0.0000 0.0000 0.0000
0.0000 290.9091 0.0000 0.0000 0.0000 0.0000 0.0000 0.0000 0.0000
0.0000 298.1818 0.0000 0.0000 0.0000 0.0000 0.0000 0.0000 0.0000
0.0000 305.4545 0.0000 0.0000 0.0000 0.0000 0.0000 0.0000 0.0000
0.0000 312.7273 0.0000 0.0000 0.0000 0.0000 0.0000 0.0000 0.0000
0.0000 320.0000 0.0000 0.0000 0.0000 0.0000 0.0000 0.0000 0.0000
0.0000 327.2727 0.0000 0.0000 0.0000 0.0000 0.0000 0.0000 0.0000
0.0000 334.5455 0.0000 0.0000 0.0000 0.0000 0.0000 0.0000 0.0000
0.0000 341.8182 0.0000 0.0000 0.0000 0.0000 0.0000 0.0000 0.0000
0.0000 349.0909 0.0000 0.0000 0.0000 0.0000 0.0000 0.0000 0.0000
0.0000 356.3636 0.0000 0.0000 0.0000 0.0000 0.0000 0.0000 0.0000
0.0000 363.6364 0.0000 0.0000 0.0000 0.0000 0.0000 0.0000 0.0000
0.0000 370.9091 0.0000 0.0000 0.0000 0.0000 0.0000 0.0000 0.0000
0.0000 378.1818 0.0000 0.0000 0.0000 0.0000 0.0000 0.0000 0.0000
0.0000 385.4545 0.0000 0.0000 0.0000 0.0000 0.0000 0.0000 0.0000
0.0000 392.7273 0.0000 0.0000 0.0000 0.0000 0.0000 0.0000 0.0000
0.0000 400.0000 0.0000 0.0000 0.0000 0.0000 0.0000 0.0000 0.0000
0.0000 407.2727 0.0000 0.0000 0.0000 0.0000 0.0000 0.0000 0.0000
0.0000 414.5455 0.0000 0.0000 0.0000 0.0000 0.0000 0.0000 0.0000
0.0000 421.8182 0.0000 0.0000 0.0000 0.0000 0.0000 0.0000 0.0000
0.0000 429.0909 0.0000 0.0000 0.0000 0.0000 0.0000 0.0000 0.0000
0.0000 436.3636 0.0000 0.0000 0.0000 0.0000 0.0000 0.0000 0.0000
0.0000 443.6364 0.0000 0.0000 0.0000 0.0000 0.0000 0.0000 0.0000
0.0000 450.9091 0.0000 0.0000 0.0000 0.0000 0.0000 0.0000 0.0000
0.0000 458.1818 0.0000 0.0000 0.0000 0.0000 0.0000 0.0000 0.0000
0.0000 465.4545 0.0000 0.0000 0.0000 0.0000 0.0000 0.0000 0.0000
0.0000 472.7273 0.0000 0.0000 0.0000 0.0000 0.0000 0.0000 0.0000
0.0000 480.0000 0.0000 0.0000 0.0000 0.0000 0.0000 0.0000 0.0000
0.0000 487.2727 0.0000 0.0000 0.0000 0.0000 0.0000 0.0000 0.0000
0.0000 494.5455 0.0000 0.0000 0.0000 0.0000 0.0000 0.0000 0.0000
0.0000 501.8182 0.0000 0.0000 0.0000 0.0000 0.0000 0.0000 0.0000
0.0000 509.0909 0.0000 0.0000 0.0000 0.0000 0.0000 0.0000 0.0000
0.0000 516.3636 0.0000 0.0000 0.0000 0.0000 0.0000 0.0000 0.0000
0.0000 523.6364 0.0000 0.0000 0.0000 0.0000 0.0000 0.0000 0.0000
0.0000 530.9091 0.0000 0.0000 0.0000 0.0000 0.0000 0.0000 0.0000
0.0000 538.1818 0.0000 0.0000 0.0000 0.0000 0.0000 0.0000 0.0000
0.0000 545.4545 0.0000 0.0000 0.0000 0.0000 0.0000 0.0000 0.0000
0.0000 552.7273 0.0000 0.0000 0.0000 0.0000 0.0000 0.0000 0.0000
0.0000 560.0000 0.0000 0.0000 0.0000 0.0000 0.0000 0.0000 0.0000
0.0000 567.2727 0.0000 0.0000 0.0000 0.0000 0.0000 0.0000 0.0000
0.0000 574.5455 0.0000 0.0000 0.0000 0.0000 0.0000 0.0000 0.0000
0.0000 581.8182 0.0000 0.0000 0.0000 0.0000 0.0000 0.0000 0.0000
0.0000 589.0909 0.0000 0.0000 0.0000 0.0000 0.0000 0.0000 0.0000
0.0000 596.3636 0.0000 0.0000 0.0000 0.0000 0.0000 0.0000 0.0000
0.0000 603.6364 0.0000 0.0000 0.0000 0.0000 0.0000 0.0000 0.0000
0.0000 610.9091 0.0000 0.0000 0.0000 0.0000 0.0000 0.0000 0.0000
0.0000 618.1818 0.0000 0.0000 0.0000 0.0000 0.0000 0.0000 0.0000
0.0000 625.4545 0.0000 0.0000 0.0000 0.0000 0.0000 0.0000 0.0000
0.0000 632.7273 0.0000 0.0000 0.0000 0.0000 0.0000 0.0000 0.0000
0.0000 640.0000 0.0000 0.0000 0.0000 0.0000 0.0000 0.0000 0.0000
0.0000 647.2727 0.0000 0.0000 0.0000 0.0000 0.0000 0.0000 0.0000
0.0000 654.5455 0.0000 0.0000 0.0000 0.0000 0.0000 0.0000 0.0000
0.0000 661.8182 0.0000 0.0000 0.0000 0.0000 0.0000 0.0000 0.0000
0.0000 669.0909 0.0000 0.0000 0.0000 0.0000 0.0000 0.0000 0.0000
0.0000 676.3636 0.0000 0.0000 0.0000 0.0000 0.0000 0.0000 0.0000
0.0000 683.6364 0.0000 0.0000 0.0000 0.0000 0.0000 0.0000 0.0000
0.0000 690.9091 0.0000 0.0000 0.0000 0.0000 0.0000 0.0000 0.0000
0.0000 698.1818 0.0000 0.0000 0.0000 0.0000 0.0000 0.0000 0.0000
0.0000 705.4545 0.0000 0.0000 0.0000 0.0000 0.0000 0.0000 0.0000
0.0000 712.7273 0.0000 0.0000 0.0000 0.0000 0.0000 0.0000 0.0000
0.0000 720.0000 0.0000 0.0000 0.0000 0.0000 0.0000 0.0000 0.0000
